-.09966950612333923548 .16400582776752848150 -10.26618443944610605773
-.09901731212082210823 .16399038230288504311 -10.25821108353904266880
-.09836511811830498098 .16397493683824160471 -10.25023772763197927987
-.09771292411578785372 .16395949137359816631 -10.24226437172491589093
-.09706073011327072647 .16394404590895472791 -10.23429101581785250200
-.09640853611075359921 .16392860044431128951 -10.22631765991078911307
-.09575634210823647196 .16391315497966785112 -10.21834430400372572413
-.09510414810571934470 .16389770951502441272 -10.21037094809666233520
-.09445195410320221745 .16388226405038097432 -10.20239759218959894627
-.09379976010068509019 .16386681858573753592 -10.19442423628253555733
-.09314756609816796294 .16385137312109409752 -10.18645088037547216840
-.09249537209565083568 .16383592765645065913 -10.17847752446840877947
-.09184317809313370843 .16382048219180722073 -10.17050416856134539053
-.09119098409061658117 .16380503672716378233 -10.16253081265428200160
-.09053879008809945392 .16378959126252034393 -10.15455745674721861267
-.08988659608558232666 .16377414579787690553 -10.14658410084015522373
-.08923440208306519941 .16375870033323346714 -10.13861074493309183480
-.08858220808054807215 .16374325486859002874 -10.13063738902602844587
-.08793001407803094490 .16372780940394659034 -10.12266403311896505693
-.08727782007551381764 .16371236393930315194 -10.11469067721190166800
-.08662562607299669039 .16369691847465971354 -10.10671732130483827907
-.08597343207047956313 .16368147301001627515 -10.09874396539777489013
-.08532123806796243588 .16366602754537283675 -10.09077060949071150120
-.08466904406544530862 .16365058208072939835 -10.08279725358364811227
-.08401685006292818137 .16363513661608595995 -10.07482389767658472333
-.08336465606041105411 .16361969115144252155 -10.06685054176952133440
-.08271246205789392686 .16360424568679908315 -10.05887718586245794547
-.08206026805537679960 .16358880022215564476 -10.05090382995539455653
-.08140807405285967235 .16357335475751220636 -10.04293047404833116760
-.08075588005034254509 .16355790929286876796 -10.03495711814126777867
-.08010368604782541784 .16354246382822532956 -10.02698376223420438973
-.07945149204530829058 .16352701836358189116 -10.01901040632714100080
-.07879929804279116333 .16351157289893845277 -10.01103705042007761187
-.07814710404027403607 .16349612743429501437 -10.00306369451301422293
-.07749491003775690882 .16348068196965157597 -9.99509033860595083400
-.07684271603523978156 .16346523650500813757 -9.98711698269888744507
-.07619052203272265431 .16344979104036469917 -9.97914362679182405613
-.07553832803020552705 .16343434557572126078 -9.97117027088476066720
-.07488613402768839980 .16341890011107782238 -9.96319691497769727827
-.07423394002517127254 .16340345464643438398 -9.95522355907063388933
-.07358174602265414529 .16338800918179094558 -9.94725020316357050040
-.07292955202013701803 .16337256371714750718 -9.93927684725650711147
-.07227735801761989078 .16335711825250406879 -9.93130349134944372253
-.07162516401510276353 .16334167278786063039 -9.92333013544238033360
-.07097297001258563627 .16332622732321719199 -9.91535677953531694467
-.07032077601006850902 .16331078185857375359 -9.90738342362825355573
-.06966858200755138176 .16329533639393031519 -9.89941006772119016680
-.06901638800503425451 .16327989092928687680 -9.89143671181412677787
-.06836419400251712725 .16326444546464343840 -9.88346335590706338893
-.06771200000000000000 .16324900000000000000 -9.87549000000000000000
-.06705980599748287274 .16323355453535656160 -9.86751664409293661107
-.06640761199496574549 .16321810907071312320 -9.85954328818587322213
-.06575541799244861823 .16320266360606968480 -9.85156993227880983320
-.06510322398993149098 .16318721814142624641 -9.84359657637174644427
-.06445102998741436372 .16317177267678280801 -9.83562322046468305533
-.06379883598489723647 .16315632721213936961 -9.82764986455761966640
-.06314664198238010921 .16314088174749593121 -9.81967650865055627747
-.06249444797986298196 .16312543628285249281 -9.81170315274349288853
-.06184225397734585470 .16310999081820905442 -9.80372979683642949960
-.06119005997482872745 .16309454535356561602 -9.79575644092936611067
-.06053786597231160019 .16307909988892217762 -9.78778308502230272173
-.05988567196979447294 .16306365442427873922 -9.77980972911523933280
-.05923347796727734568 .16304820895963530082 -9.77183637320817594387
-.05858128396476021843 .16303276349499186243 -9.76386301730111255493
-.05792908996224309117 .16301731803034842403 -9.75588966139404916600
-.05727689595972596392 .16300187256570498563 -9.74791630548698577707
-.05662470195720883666 .16298642710106154723 -9.73994294957992238813
-.05597250795469170941 .16297098163641810883 -9.73196959367285899920
-.05532031395217458215 .16295553617177467044 -9.72399623776579561027
-.05466811994965745490 .16294009070713123204 -9.71602288185873222133
-.05401592594714032764 .16292464524248779364 -9.70804952595166883240
-.05336373194462320039 .16290919977784435524 -9.70007617004460544347
-.05271153794210607313 .16289375431320091684 -9.69210281413754205453
-.05205934393958894588 .16287830884855747845 -9.68412945823047866560
-.05140714993707181862 .16286286338391404005 -9.67615610232341527667
-.05075495593455469137 .16284741791927060165 -9.66818274641635188773
-.05010276193203756411 .16283197245462716325 -9.66020939050928849880
-.04945056792952043686 .16281652698998372485 -9.65223603460222510987
-.04879837392700330960 .16280108152534028645 -9.64426267869516172093
-.04814617992448618235 .16278563606069684806 -9.63628932278809833200
-.04749398592196905509 .16277019059605340966 -9.62831596688103494307
-.04684179191945192784 .16275474513140997126 -9.62034261097397155413
-.04618959791693480058 .16273929966676653286 -9.61236925506690816520
-.04553740391441767333 .16272385420212309446 -9.60439589915984477627
-.04488520991190054608 .16270840873747965607 -9.59642254325278138733
-.04423301590938341882 .16269296327283621767 -9.58844918734571799840
-.04358082190686629157 .16267751780819277927 -9.58047583143865460947
-.04292862790434916431 .16266207234354934087 -9.57250247553159122053
-.04227643390183203706 .16264662687890590247 -9.56452911962452783160
-.04162423989931490980 .16263118141426246408 -9.55655576371746444267
-.04097204589679778255 .16261573594961902568 -9.54858240781040105373
-.04031985189428065529 .16260029048497558728 -9.54060905190333766480
-.03966765789176352804 .16258484502033214888 -9.53263569599627427587
-.03901546388924640078 .16256939955568871048 -9.52466234008921088693
-.03836326988672927353 .16255395409104527209 -9.51668898418214749800
-.03771107588421214627 .16253850862640183369 -9.50871562827508410907
-.03705888188169501902 .16252306316175839529 -9.50074227236802072013
-.03640668787917789176 .16250761769711495689 -9.49276891646095733120
-.03575449387666076451 .16249217223247151849 -9.48479556055389394227
-.03510229987414363725 .16247672676782808010 -9.47682220464683055333
-.03445010587162651000 .16246128130318464170 -9.46884884873976716440
-.03379791186910938274 .16244583583854120330 -9.46087549283270377547
-.03314571786659225549 .16243039037389776490 -9.45290213692564038653
-.03249352386407512823 .16241494490925432650 -9.44492878101857699760
-.03184132986155800098 .16239949944461088810 -9.43695542511151360867
-.03118913585904087372 .16238405397996744971 -9.42898206920445021973
-.03053694185652374647 .16236860851532401131 -9.42100871329738683080
-.02988474785400661921 .16235316305068057291 -9.41303535739032344187
-.02923255385148949196 .16233771758603713451 -9.40506200148326005293
-.02858035984897236470 .16232227212139369611 -9.39708864557619666400
-.02792816584645523745 .16230682665675025772 -9.38911528966913327507
-.02727597184393811019 .16229138119210681932 -9.38114193376206988613
-.02662377784142098294 .16227593572746338092 -9.37316857785500649720
-.02597158383890385568 .16226049026281994252 -9.36519522194794310827
-.02531938983638672843 .16224504479817650412 -9.35722186604087971933
-.02466719583386960117 .16222959933353306573 -9.34924851013381633040
-.02401500183135247392 .16221415386888962733 -9.34127515422675294147
-.02336280782883534666 .16219870840424618893 -9.33330179831968955253
-.02271061382631821941 .16218326293960275053 -9.32532844241262616360
-.02205841982380109215 .16216781747495931213 -9.31735508650556277467
-.02140622582128396490 .16215237201031587374 -9.30938173059849938573
-.02075403181876683764 .16213692654567243534 -9.30140837469143599680
-.02010183781624971039 .16212148108102899694 -9.29343501878437260787
-.01944964381373258313 .16210603561638555854 -9.28546166287730921893
-.01879744981121545588 .16209059015174212014 -9.27748830697024583000
-.01814525580869832862 .16207514468709868174 -9.26951495106318244106
-.01749306180618120137 .16205969922245524335 -9.26154159515611905213
-.01684086780366407412 .16204425375781180495 -9.25356823924905566320
-.01618867380114694686 .16202880829316836655 -9.24559488334199227426
-.01553647979862981961 .16201336282852492815 -9.23762152743492888533
-.01488428579611269235 .16199791736388148975 -9.22964817152786549640
-.01423209179359556510 .16198247189923805136 -9.22167481562080210746
-.01357989779107843784 .16196702643459461296 -9.21370145971373871853
-.01292770378856131059 .16195158096995117456 -9.20572810380667532960
-.01227550978604418333 .16193613550530773616 -9.19775474789961194066
-.01162331578352705608 .16192069004066429776 -9.18978139199254855173
-.01097112178100992882 .16190524457602085937 -9.18180803608548516280
-.01031892777849280157 .16188979911137742097 -9.17383468017842177386
-.00966673377597567431 .16187435364673398257 -9.16586132427135838493
-.00901453977345854706 .16185890818209054417 -9.15788796836429499600
-.00836234577094141980 .16184346271744710577 -9.14991461245723160706
-.00771015176842429255 .16182801725280366738 -9.14194125655016821813
-.00705795776590716529 .16181257178816022898 -9.13396790064310482920
-.00640576376339003804 .16179712632351679058 -9.12599454473604144026
-.00575356976087291078 .16178168085887335218 -9.11802118882897805133
-.00510137575835578353 .16176623539422991378 -9.11004783292191466240
-.00444918175583865627 .16175078992958647539 -9.10207447701485127346
-.00379698775332152902 .16173534446494303699 -9.09410112110778788453
-.00314479375080440176 .16171989900029959859 -9.08612776520072449560
-.00249259974828727451 .16170445353565616019 -9.07815440929366110666
-.00184040574577014725 .16168900807101272179 -9.07018105338659771773
-.00118821174325302000 .16167356260636928339 -9.06220769747953432880
-.00053601774073589274 .16165811714172584500 -9.05423434157247093986
.00011617626178123451 .16164267167708240660 -9.04626098566540755093
.00076837026429836177 .16162722621243896820 -9.03828762975834416200
.00142056426681548902 .16161178074779552980 -9.03031427385128077306
.00207275826933261628 .16159633528315209140 -9.02234091794421738413
.00272495227184974353 .16158088981850865301 -9.01436756203715399520
.00337714627436687079 .16156544435386521461 -9.00639420613009060626
.00402934027688399804 .16154999888922177621 -8.99842085022302721733
.00468153427940112530 .16153455342457833781 -8.99044749431596382840
.00533372828191825255 .16151910795993489941 -8.98247413840890043946
.00598592228443537981 .16150366249529146102 -8.97450078250183705053
.00663811628695250706 .16148821703064802262 -8.96652742659477366160
.00729031028946963432 .16147277156600458422 -8.95855407068771027266
.00794250429198676157 .16145732610136114582 -8.95058071478064688373
.00859469829450388883 .16144188063671770742 -8.94260735887358349480
.00924689229702101608 .16142643517207426903 -8.93463400296652010586
.00989908629953814333 .16141098970743083063 -8.92666064705945671693
.01055128030205527059 .16139554424278739223 -8.91868729115239332800
.01120347430457239784 .16138009877814395383 -8.91071393524532993906
.01185566830708952510 .16136465331350051543 -8.90274057933826655013
.01250786230960665235 .16134920784885707704 -8.89476722343120316120
.01316005631212377961 .16133376238421363864 -8.88679386752413977226
.01381225031464090686 .16131831691957020024 -8.87882051161707638333
.01446444431715803412 .16130287145492676184 -8.87084715571001299440
.01511663831967516137 .16128742599028332344 -8.86287379980294960546
.01576883232219228863 .16127198052563988504 -8.85490044389588621653
.01642102632470941588 .16125653506099644665 -8.84692708798882282760
.01707322032722654314 .16124108959635300825 -8.83895373208175943866
.01772541432974367039 .16122564413170956985 -8.83098037617469604973
.01837760833226079765 .16121019866706613145 -8.82300702026763266080
.01902980233477792490 .16119475320242269305 -8.81503366436056927186
.01968199633729505216 .16117930773777925466 -8.80706030845350588293
.02033419033981217941 .16116386227313581626 -8.79908695254644249400
.02098638434232930667 .16114841680849237786 -8.79111359663937910506
.02163857834484643392 .16113297134384893946 -8.78314024073231571613
.02229077234736356118 .16111752587920550106 -8.77516688482525232720
.02294296634988068843 .16110208041456206267 -8.76719352891818893826
.02359516035239781569 .16108663494991862427 -8.75922017301112554933
.02424735435491494294 .16107118948527518587 -8.75124681710406216040
.02489954835743207020 .16105574402063174747 -8.74327346119699877146
.02555174235994919745 .16104029855598830907 -8.73530010528993538253
.02620393636246632471 .16102485309134487068 -8.72732674938287199360
.02685613036498345196 .16100940762670143228 -8.71935339347580860466
.02750832436750057922 .16099396216205799388 -8.71138003756874521573
.02816051837001770647 .16097851669741455548 -8.70340668166168182680
.02881271237253483373 .16096307123277111708 -8.69543332575461843786
.02946490637505196098 .16094762576812767869 -8.68745996984755504893
.03011710037756908824 .16093218030348424029 -8.67948661394049166000
